1 0.0 0.0 0.0
2 0.0 4.0 0.0
3 0.0 8.0 0.0
4 0.0 2.20204102887 4.0
5 0.0 6.20204102887 4.0
6 0.0 0.404082057735 8.0
1 0.2 -0.913548516998 -0.406729771581
2 0.2 4.1289785322 0.991647386036
3 0.2 8.10060887785 -0.994926054386
4 0.2 2.26374344771 3.00190540954
5 0.2 6.82203442826 3.21539297435
6 0.2 1.38082236316 7.78557431181
1 0.4 -0.0709426921753 0.145045246283
2 0.4 3.34208463928 1.61701184779
3 0.4 8.92451780297 -1.57348741707
4 0.4 1.2608396135 2.9350727224
5 0.4 6.69228317103 2.21376199876
6 0.4 1.75406986688 8.71919367925
1 0.6 0.441680558926 -0.730284068587
2 0.6 4.29463952957 1.2804747838
3 0.6 8.59928098038 -2.53339921057
4 0.6 1.67352338697 3.85719533766
5 0.6 5.70305209003 1.965121961
6 0.6 2.01970116397 7.74378741533
1 0.8 1.46231943374 -0.6863799772
2 0.8 4.61151114124 2.24515001354
3 0.8 7.67895429686 -2.09300141312
4 0.8 0.658186148268 3.86700394956
5 0.8 6.0618336987 0.99962946632
6 0.8 1.37911946135 6.95466720112
1 1.0 2.46864599502 -0.472630302617
2 1.0 5.45454756671 1.67005349803
3 1.0 8.30290848291 -1.27724060996
4 1.0 -0.145118697297 3.23760126294
5 1.0 5.74000235769 1.98858072292
6 1.0 1.97143014677 6.12198378724
1 1.2 2.65691368017 -1.49135089908
2 1.2 5.38775885646 2.69351760666
3 1.2 9.08199079404 -0.597726324538
4 1.2 -0.389191175557 2.2414245021
5 1.2 5.27710031215 1.0461255801
6 1.2 2.73457812425 6.80973118781
1 1.4 2.29223234285 -0.514006683843
2 1.4 5.44014419381 3.72295482356
3 1.4 10.0553982606 -0.230027370725
4 1.4 -0.128207920764 3.23860700687
5 1.4 5.15407032237 -0.00671040979553
6 1.4 1.93776187927 6.15266755157
1 1.6 3.00815716426 0.254568084911
2 1.6 6.40924873866 3.35700417273
3 1.6 9.26976859839 0.462516969256
4 1.6 -0.40351428712 2.23996297503
5 1.6 4.34220082919 -0.703680944355
6 1.6 2.73097235401 5.48275483933
1 1.8 2.50053174213 1.18232710665
2 1.8 6.24203949392 2.32949482788
3 1.8 8.45212815414 -0.202685295319
4 1.8 -0.457524415092 1.20033934537
5 1.8 3.27206796862 -0.558024977324
6 1.8 3.70356822123 5.10407285094
1 2.0 2.71054081433 0.138495260968
2 2.0 6.49853534295 1.3152720963
3 2.0 8.19719606223 -1.23240817301
4 2.0 -1.30141234621 0.582042467211
5 2.0 3.23901654406 0.531473808051
6 2.0 3.77882012615 4.05759470439
1 2.2 3.55852080162 -0.517241384941
2 2.2 7.53496673734 1.13919280711
3 2.2 7.17413445408 -1.53744170764
4 2.2 -0.997417246943 1.58841264312
5 2.2 4.3187493881 0.3212905892
6 2.2 3.0788413386 3.26873136415
1 2.4 4.15351953346 0.383043295701
2 2.4 8.52888513547 1.49714370836
3 2.4 7.94208292499 -2.28872587481
4 2.4 -1.00294070394 0.532016826552
5 2.4 5.23227186931 -0.309246226804
6 2.4 3.83216760262 4.01460752402
1 2.6 4.56233496985 -0.623428184201
2 2.6 9.02885028476 0.560714984526
3 2.6 8.01833246966 -1.21033711801
4 2.6 -1.14360978034 -0.520160019928
5 2.6 6.32853699055 -0.0798932587554
6 2.6 2.91238308193 3.47660762081
1 2.8 3.89384326496 -1.48882760613
2 2.8 10.0440592081 0.233409897729
3 2.8 7.18190619345 -1.90588168588
4 2.8 -1.01085775229 -1.57853361976
5 2.8 5.49480999096 0.682864428956
6 2.8 3.55408439373 2.61908656432
1 3.0 4.76987942318 -2.15526882699
2 3.0 10.6146164807 1.14071836006
3 3.0 7.28703578246 -0.816347337622
4 3.0 -0.979193995236 -0.507206567134
5 3.0 4.6199912745 -0.0480885198218
6 3.0 2.49207339503 2.4430446058
1 3.2 4.85123163062 -1.05034597157
2 3.2 9.64905267915 1.61763539553
3 3.2 7.04675332245 -1.89116785219
4 3.2 -0.938277754416 -1.58335208464
5 3.2 4.59769103152 1.10169524209
6 3.2 1.42455390248 2.26681979692
1 3.4 5.80363173305 -0.470346226712
2 3.4 10.2611265777 0.725334706456
3 3.4 6.84518914964 -2.98078955879
4 3.4 -1.41953298893 -2.55249003986
5 3.4 5.70310674166 0.750047538015
6 3.4 2.36115050208 1.71428518378
1 3.6 4.85631968973 -1.07214521895
2 3.6 10.5216849306 -0.330159766323
3 3.6 7.92391790679 -2.69924394009
4 3.6 -2.08249639316 -1.6908411775
5 3.6 6.8730801151 0.7579409179
6 3.6 3.19019468339 2.4264001987
1 3.8 4.6084104533 -2.1740994533
2 3.8 11.6139530333 -0.339459575582
3 3.8 8.32632839811 -3.74619229535
4 3.8 -2.48606444929 -2.70586281212
5 3.8 7.77432679559 1.51961960402
6 3.8 2.1574815659 2.05236845267
1 4.0 3.52831428636 -1.81989908879
2 4.0 10.5635331278 -0.0216804524162
3 4.0 7.88156224975 -2.7091673014
4 4.0 -1.44270263142 -3.04610047318
5 4.0 8.37968350346 0.495098615346
6 4.0 2.37503368936 3.13454265574
1 4.2 4.57507922853 -2.28115368463
2 4.2 9.83745210744 0.808050800515
3 4.2 6.76073291387 -2.88881522053
4 4.2 -0.991106013126 -4.05193748512
5 4.2 7.5685412674 1.37943354787
6 4.2 2.17275815776 2.04385110229
1 4.4 5.14709900435 -1.28226602579
2 4.4 10.7183899642 1.47956456886
3 4.4 7.76573219264 -2.34669572961
4 4.4 0.0204307336685 -3.60052231213
5 4.4 8.25668054058 0.384162559284
6 4.4 2.61676795675 3.06636369302
1 4.6 4.09238565339 -1.76099034428
2 4.6 11.2335061849 0.493144388166
3 4.6 7.52447462417 -1.22366923673
4 4.6 -0.452920758489 -2.59339379073
5 4.6 7.58282595816 1.40117780093
6 4.6 3.20486843739 4.0197930244
1 4.8 3.05059377933 -2.28346950958
2 4.8 11.3278192524 -0.620818978047
3 4.8 7.72850263377 -2.36091776812
4 4.8 -0.345081470422 -3.70612916983
5 4.8 7.27708366121 2.59257263383
6 4.8 2.97286298647 5.12130826377
1 5.0 4.19006324688 -2.56049874099
2 5.0 11.8666943595 0.364531413474
3 5.0 8.24850962683 -1.32158451149
4 5.0 0.702857829179 -4.11001652975
5 5.0 7.05805476283 3.8130751294
6 5.0 4.09701846576 4.99573271742
1 5.2 3.26442402161 -3.29210825226
2 5.2 11.1950584712 1.27103681603
3 5.2 7.08237392301 -1.40220063441
4 5.2 0.269317553835 -5.15159688717
5 5.2 5.98688689929 3.16879304203
6 5.2 4.53286595264 3.94600710736
1 5.4 4.33007814289 -3.81505170072
2 5.4 10.0621946129 1.23841898511
3 5.4 6.13222747996 -2.09461310624
4 5.4 0.806422494201 -6.14957620934
5 5.4 5.82576063576 4.41844832537
6 5.4 3.39122065319 3.91462640743
1 5.6 5.2853275483 -3.0983099422
2 5.6 10.8439081651 2.06607748768
3 5.6 6.20524346219 -0.914437219517
4 5.6 -0.269759612919 -6.52096111328
5 5.6 5.4218314879 3.21439631508
6 5.6 2.2437067454 3.92250933106
1 5.8 5.75493140064 -1.99244940418
2 5.8 10.0419316492 2.88132663346
3 5.8 7.38053775925 -0.733179825221
4 5.8 0.191417247844 -5.47448445097
5 5.8 6.07672074219 4.31417814099
6 5.8 1.90883864245 2.81920295713
1 6.0 6.2802633172 -3.08094392975
2 6.0 9.03817019022 3.43991043121
3 6.0 8.35407729868 -0.0385522481684
4 6.0 -0.614790697735 -6.29276415511
5 6.0 6.05176761322 3.02441950413
6 6.0 1.94597942515 1.66132853537
1 6.2 5.21205253152 -2.50028754814
2 6.2 8.7564958598 4.55884765837
3 6.2 7.1514694218 -0.0536547503382
4 6.2 -1.53314804575 -6.99132032901
5 6.2 7.2917348446 3.41490799962
6 6.2 1.30905682303 2.63553228587
1 6.4 4.96790193646 -3.69869160303
2 6.4 9.27161908552 5.59705266081
3 6.4 5.98820964564 0.277432665978
4 6.4 -2.65553979277 -7.28021188475
5 6.4 7.57470569477 2.13583509397
6 6.4 0.252873443433 3.13749889093
1 6.6 6.18444227312 -3.88161396663
2 6.6 8.31126883492 4.93913003928
3 6.6 6.37682315067 1.42989152785
4 6.6 -3.7340997229 -7.71821103641
5 6.6 8.31119435079 1.0403970722
6 6.6 -0.806150640002 2.62880254622
1 6.8 6.48193490607 -2.68049706162
2 6.8 8.12018631517 3.78561885062
3 6.8 6.68748203323 0.247033146082
4 6.8 -2.56718953178 -7.79183981856
5 6.8 9.63475260107 1.17113940704
6 6.8 -0.229954295177 1.59867068563
1 7.0 5.52783762808 -1.88128602009
2 7.0 6.97410895485 4.04179395639
3 7.0 7.69453794205 0.952776445509
4 7.0 -2.15629926348 -6.69170883178
5 7.0 9.25279231212 2.45554835191
6 7.0 0.295510861855 0.535660871277
1 7.2 6.09101514072 -0.76332773511
2 7.2 8.13429472919 4.25430036948
3 7.2 7.0407786604 2.00229901931
4 7.2 -1.1590832421 -7.32158994221
5 7.2 8.2570509447 3.3671398883
6 7.2 1.1185683793 -0.325541288165
1 7.4 5.91401811071 -2.00981677891
2 7.4 8.88935071539 5.16710049392
3 7.4 6.19649089488 1.08970276091
4 7.4 -0.932359814408 -8.48430663031
5 7.4 9.12617878746 2.32109170922
6 7.4 2.212786504 0.159049872423
1 7.6 7.06162823541 -1.47482084604
2 7.6 8.79860053968 3.98082303272
3 7.6 7.42290253977 0.848011889629
4 7.6 -1.30461891238 -9.61431237071
5 7.6 8.00243412287 3.10473571564
6 7.6 1.03508799716 -0.0823562300572
1 7.8 8.26743803454 -1.06552553617
2 7.8 9.13259271461 2.83357945211
3 7.8 6.59693751711 -0.0992047313169
4 7.8 -0.3663874007 -10.3542044146
5 7.8 7.39787427107 1.86420865604
6 7.8 1.48553992194 1.03814019827
1 8.0 8.90815478409 0.0432376303271
2 8.0 8.5519735252 3.88376103493
3 8.0 6.80008648311 1.1478706058
4 8.0 -1.5637138479 -10.2741458184
5 8.0 6.41452421525 2.8466152255
6 8.0 2.44153681914 0.291335445239
1 8.2 9.00139691653 1.32762733823
2 8.2 7.70485334297 3.02660213037
3 8.2 7.58013357334 0.145317317166
4 8.2 -2.57885471733 -9.62466679181
5 8.2 7.18634585473 1.6785863916
6 8.2 1.34827175309 -0.246908781176
1 8.4 10.114605375 1.98921540031
2 8.4 8.85141794979 2.63916157884
3 8.4 8.42454259557 1.10332119552
4 8.4 -2.14221999978 -8.49591938783
5 8.4 8.59478059372 1.74500616282
6 8.4 1.49691569876 0.96807599063
1 8.6 9.54188372377 3.15866231197
2 8.6 9.74389623362 1.81415110848
3 8.6 7.39191741182 0.340572197886
4 8.6 -0.927173662054 -8.52459272892
5 8.6 9.6498074515 2.69543676489
6 8.6 2.00034651802 2.08979245036
1 8.8 10.849150263 3.23254202361
2 8.8 9.83644407552 0.597152159425
3 8.8 6.93926071692 1.54912372899
4 8.8 -0.110795275288 -7.61730122414
5 8.8 8.23623496436 2.47930526878
6 8.8 0.94980389941 1.44054848936
1 9.0 11.4022509046 4.42727005056
2 9.0 10.0467886285 1.80460861528
3 9.0 6.21965526861 2.62854407174
4 9.0 0.92532766468 -6.96259122955
5 9.0 9.64638306512 2.18761650666
6 9.0 1.14324273892 0.215286982791
1 9.2 11.8426338949 5.67561017885
2 9.2 9.23749241087 0.877337063052
3 9.2 6.76191569898 1.44258007501
4 9.2 0.293172937911 -8.01860889079
5 9.2 11.0785498537 1.96090459777
6 9.2 -0.0803468953922 0.450019387289
1 9.4 11.2256275535 6.85488615128
2 9.4 10.0208438038 -0.0785934089297
3 9.4 5.46266993022 1.26884057426
4 9.4 0.948989762822 -9.06615209477
5 9.4 12.1296659789 2.97419374278
6 9.4 0.241682155877 -0.75920121168
1 9.6 12.5634639861 6.88289023939
2 9.6 9.2206091444 0.86996820298
3 9.6 6.14766161722 0.143331496618
4 9.6 0.979299838876 -10.3068075429
5 9.6 10.8082322909 2.3302115937
6 9.6 -0.704968203518 -1.58592744019
1 9.8 13.5084568833 5.92534943491
2 9.8 9.31413647005 2.11260734917
3 9.8 5.60517899054 1.35144884015
4 9.8 2.01429426771 -11.0008435222
5 9.8 10.2295452101 0.968036398494
6 9.8 0.523160681489 -1.87762645591
1 10.0 14.7028795453 5.29079494076
2 10.0 8.43062059967 2.99866969384
3 10.0 6.19162173328 2.5463805344
4 10.0 0.814323263868 -11.3554931546
5 10.0 9.27356786542 2.1109306703
6 10.0 -0.127008155868 -0.789281477461
1 10.2 14.0460838979 6.48135650009
2 10.2 9.02193066714 4.1072359465
3 10.2 7.24517950074 1.72186485172
4 10.2 1.45795056149 -10.2764608872
5 10.2 7.855661659 2.60036094093
6 10.2 -0.584087843087 -1.97763227795
1 10.4 13.6210235843 5.18221946314
2 10.4 10.2290413106 4.47379178726
3 10.4 8.2074321814 2.66101574608
4 10.4 2.64670138087 -10.6987768582
5 10.4 6.52301768611 1.89031865943
6 10.4 0.452518056194 -2.72629278345
1 10.6 14.7348942213 4.37757979771
2 10.6 8.9856786436 4.71564654277
3 10.6 7.14030973471 1.83191975732
4 10.6 1.38021622925 -10.6773337901
5 10.6 5.01149982395 2.05067374154
6 10.6 -0.755757285452 -2.29141390352
1 10.8 14.0465054941 5.57511757911
2 10.8 7.74626735798 4.4304766618
3 10.8 5.80500470429 1.58409298509
4 10.8 0.973268331593 -9.47240408077
5 10.8 3.51163085593 1.7485262961
6 10.8 -2.03255300007 -2.47281391509
1 11.0 12.6887420241 5.86560104166
2 11.0 8.73334610502 3.62040994138
3 11.0 4.5618140279 2.14741619735
4 11.0 -0.302703850005 -9.42313404762
5 11.0 4.88879267359 1.05930548389
6 11.0 -2.47636503516 -3.68947663717
1 11.2 13.9063694416 5.18346045959
2 11.2 8.3358169349 2.40154733685
3 11.2 5.45192789854 1.10384388544
4 11.2 0.977803592959 -9.36023588929
5 11.2 6.04746623919 0.0297543348959
6 11.2 -3.07448039046 -4.84432688088
1 11.4 14.4199608794 3.87797600157
2 11.4 7.08530483131 2.70658915528
3 11.4 6.16825262925 -0.0737833196466
4 11.4 0.85278771141 -10.641329977
5 11.4 6.34853876648 -1.50091719529
6 11.4 -2.83349074041 -6.12791113411
1 11.6 13.6946380326 5.08719461322
2 11.6 5.8263080206 2.41506522448
3 11.6 7.49460704313 -0.473011714627
4 11.6 -0.381264277741 -10.2576962198
5 11.6 7.32889943968 -2.72720955457
6 11.6 -2.07160108463 -5.06044127363
1 11.8 13.6110867297 3.67239334636
2 11.8 5.08829290488 1.34797872521
3 11.8 6.69200567918 0.66417520462
4 11.8 -1.17247686285 -9.22943431099
5 11.8 8.53883252491 -1.71110821648
6 11.8 -0.842782308617 -4.58680101832
1 12.0 14.925059964 3.12233711213
2 12.0 5.05354177962 0.0458782680306
3 12.0 7.14264915472 -0.659886161148
4 12.0 -1.24851083663 -7.92909125005
5 12.0 9.98460911317 -2.37279549673
6 12.0 0.397328861837 -4.12758689953
1 12.2 16.2611148574 3.63672260372
2 12.2 5.24496826047 -1.24772718729
3 12.2 5.76753068823 -0.369690439861
4 12.2 -2.43771490039 -7.38516766505
5 12.2 8.68949331255 -1.43328761331
6 12.2 0.775268849079 -5.40053507419
1 12.4 16.0465070459 2.2139683367
2 12.4 4.45027573829 -0.202757573338
3 12.4 5.75217647965 -1.78176912765
4 12.4 -3.52501254154 -8.12088604761
5 12.4 7.83022453977 -2.79481512905
6 12.4 -0.299167677515 -4.61100107992
1 12.6 16.1324591206 3.65745476797
2 12.6 4.31375444707 -1.51361636062
3 12.6 4.42491146627 -1.28007352002
4 12.6 -2.28184742371 -8.55852666837
5 12.6 8.9904928661 -3.92538021383
6 12.6 -0.344565515878 -5.94902896588
1 12.8 15.4755246252 4.95373253093
2 12.8 5.63499469187 -1.5833068183
3 12.8 3.97085444078 0.0713639923425
4 12.8 -0.999960291088 -8.23096305072
5 12.8 7.53450623459 -3.19257537701
6 12.8 -1.33164623377 -5.03649799416
1 13.0 16.1604795409 6.24357646777
2 13.0 5.65408252632 -0.255238854238
3 13.0 3.98003200304 -1.36103903957
4 13.0 -2.1242136526 -8.93819939149
5 13.0 9.15827358991 -2.96240245113
6 13.0 -2.37333676059 -5.89477721218
1 13.2 17.0907653402 5.10845792243
2 13.2 4.78432741464 0.755356922263
3 13.2 3.99410551955 -2.80015941619
4 13.2 -2.06483081081 -10.2702096977
5 13.2 7.53895020861 -2.64571366577
6 13.2 -2.91896162672 -4.65427858338
1 13.4 17.0393519904 6.58238163968
2 13.4 4.42321961966 -0.533472178256
3 13.4 4.99701469391 -3.84176052342
4 13.4 -2.51863985231 -9.01102875607
5 13.4 9.12444741548 -2.15398344808
6 13.4 -4.14586916477 -4.06599129845
1 13.6 15.5612245332 6.4751162307
2 13.6 3.33519093029 -1.32177857186
3 13.6 5.67177815307 -5.12824387606
4 13.6 -2.89522031435 -10.3007653783
5 13.6 8.20029881688 -3.54497207769
6 13.6 -4.06622690913 -2.70219455306
1 13.8 16.9934684265 6.06717042169
2 13.8 4.62095919209 -0.914543894846
3 13.8 4.54858997808 -6.06016138173
4 13.8 -4.00150619215 -11.0722390731
5 13.8 9.87811010132 -3.45924405542
6 13.8 -3.60834332311 -1.40929579081
1 14.0 18.1103700633 5.07130280698
2 14.0 4.34932206908 -2.24085934816
3 14.0 4.31311344802 -4.61297763511
4 14.0 -5.0388162887 -10.2022464456
5 14.0 9.41877720398 -5.08562448121
6 14.0 -4.24912904132 -0.190420034886
1 14.2 19.2250390059 6.08041997292
2 14.2 3.35490981134 -1.31460043726
3 14.2 4.01410697696 -6.05528291117
4 14.2 -5.03850996494 -8.84327212115
5 14.2 9.62871513357 -3.3986372063
6 14.2 -4.27356787131 -1.57271767541
1 14.4 17.9850452142 6.94349931512
2 14.4 3.92317015813 -0.0744972223353
3 14.4 4.20359694098 -4.58773610559
4 14.4 -5.96828037271 -9.84142180643
5 14.4 7.99053485426 -2.90826451896
6 14.4 -5.65915086538 -1.65422282514
1 14.6 16.810490142 5.98188572382
2 14.6 4.50650630954 -1.31325136819
3 14.6 2.88652339415 -5.2769090496
4 14.6 -6.55537480513 -8.6044444312
5 14.6 9.62572848376 -2.37483992818
6 14.6 -5.57796049637 -3.04529811693
1 14.8 15.594152122 5.06172518642
2 14.8 3.81873044541 -2.50313663624
3 14.8 2.74850506111 -6.76376019321
4 14.8 -5.26325373273 -9.07272396807
5 14.8 11.0533374102 -3.35199536778
6 14.8 -4.24464974186 -3.46864610268
1 15.0 16.2456424327 3.67473897178
2 15.0 3.07452665155 -3.66466390306
3 15.0 3.22653834706 -8.18554926952
4 15.0 -4.17292553193 -8.22763859197
5 15.0 9.3553924278 -2.97175486923
6 15.0 -4.18465063669 -4.87173542817
1 15.2 17.7836786555 3.7434067749
2 15.2 2.54015455856 -2.38732047643
3 15.2 4.72902016484 -8.07212832231
4 15.2 -5.53096492277 -8.49761780643
5 15.2 10.5485174305 -4.25197076037
6 15.2 -2.78268164298 -5.02046562842
1 15.4 19.0205192689 4.67222312196
2 15.4 3.20837979951 -1.16877122729
3 15.4 3.2970454335 -7.58205534367
4 15.4 -5.08841815811 -7.18021900336
5 15.4 10.211821317 -5.97946482032
6 15.4 -1.56680420875 -4.29609162163
1 15.6 17.4784900825 4.8643892785
2 15.6 4.60266801755 -1.2091158574
3 15.6 4.57943465686 -6.76553861115
4 15.6 -3.71032594327 -7.39592521912
5 15.6 10.4429539607 -7.73430888776
6 15.6 -0.268257978834 -3.7195927477
1 15.8 18.9478177108 4.33687718137
2 15.8 5.46462859668 -2.31230394653
3 15.8 6.10643350657 -6.7748151548
4 15.8 -3.45104173065 -6.02014482346
5 15.8 11.8363596539 -6.62668956051
6 15.8 -1.48574459596 -2.97672200042
1 16.0 20.5105676802 4.20451560204
2 16.0 6.72811368893 -2.92711342477
3 16.0 4.65713634864 -7.27684149216
4 16.0 -2.85297501866 -7.29164058863
5 16.0 10.1210983101 -7.13852793567
6 16.0 -0.488894926717 -1.94908470289
1 16.2 22.0667637958 3.95838843762
2 16.2 5.31793669572 -2.91214711218
3 16.2 5.71650154717 -8.39532731379
4 16.2 -2.68104412739 -5.89190385935
5 16.2 11.9205080006 -7.18462311669
6 16.2 -1.52527155262 -2.94474928346
1 16.4 23.0407376466 2.71082230288
2 16.4 3.94645704135 -2.56235121866
3 16.4 4.50909289339 -9.36294979647
4 16.4 -1.40832687522 -6.51118118454
5 16.4 10.1711288169 -6.72010996115
6 16.4 -0.22946031546 -3.57881096492
1 16.6 21.8447502451 1.66321294648
2 16.6 3.47065916488 -3.90081042759
3 16.6 3.21690589291 -8.49962091434
4 16.6 -2.58867378066 -7.30152152645
5 16.6 11.9911285547 -6.71913309496
6 16.6 -0.387048281581 -5.01829811066
1 16.8 21.6735236855 3.25113017144
2 16.8 3.25564179613 -2.49147729979
3 16.8 3.6277109855 -6.9938421912
4 16.8 -1.33814788734 -7.98609243156
5 16.8 12.3733966733 -4.92950433862
6 16.8 -1.42162865862 -6.03930575313
1 17.0 20.6360067852 4.47480915868
2 17.0 3.99454035174 -1.2662713921
3 17.0 4.09506888384 -5.49756525368
4 17.0 -2.69900914257 -8.42785847342
5 17.0 13.8254326724 -3.79937538251
6 17.0 -2.87206551752 -6.19729864754
1 17.2 19.2748603161 3.61211145941
2 17.2 2.73109385447 -1.94855021704
3 17.2 2.57275960439 -5.09622806893
4 17.2 -4.01606639077 -8.99983893758
5 17.2 15.3410897431 -2.73858150807
6 17.2 -2.5319152382 -4.77286822849
1 17.4 18.0082882131 4.62008025912
2 17.4 1.44314195459 -2.59487428566
3 17.4 4.06781590696 -4.58181185894
4 17.4 -4.50279472407 -7.64350180115
5 17.4 13.482135568 -2.80094636174
6 17.4 -1.61701454281 -5.92338813915
1 17.6 16.4508283675 4.15331768555
2 17.6 -0.00278099464188 -2.62071556345
3 17.6 5.40700355864 -5.43492699353
4 17.6 -5.61962043232 -6.72477372161
5 17.6 13.5468230098 -0.932065537595
6 17.6 -2.09904462949 -4.52894158948
1 17.8 17.226273957 2.71607080361
2 17.8 -0.904314317085 -1.48341293842
3 17.8 4.23891975194 -4.3494261222
4 17.8 -7.0663673263 -6.61013072291
5 17.8 14.1358772638 0.85326778865
6 17.8 -1.7163044809 -3.09838270525
1 18.0 18.7387035453 2.08116867859
2 18.0 -2.19021617386 -0.799609421532
3 18.0 3.17370282517 -3.15375097845
4 18.0 -5.76221917532 -5.96180330926
5 18.0 12.2478138163 0.938803850809
6 18.0 -1.86004501902 -4.57775476109
1 18.2 19.3346571983 0.545253241089
2 18.2 -1.17807285686 0.254743735816
3 18.2 1.59060883434 -3.43628434563
4 18.2 -5.16168131027 -4.62934357358
5 18.2 14.0258923701 0.269149718978
6 18.2 -0.371947017792 -4.47267688019
1 18.4 17.6820585143 0.462361072976
2 18.4 -2.6064165319 0.587828495464
3 18.4 3.0342522416 -2.71262541737
4 18.4 -3.84998033581 -5.28550793158
5 18.4 13.536286112 -1.57703166757
6 18.4 -1.48129613213 -3.4671147059
1 18.6 19.2039442744 1.12995174387
2 18.6 -1.77444268908 1.80191237622
3 18.6 1.97807608597 -3.94313287854
4 18.6 -4.75359845068 -6.44725422365
5 18.6 11.7341961031 -0.914557819236
6 18.6 -0.427368629192 -4.53830143332
1 18.8 20.5776491619 2.07795597152
2 18.8 -2.05664258634 0.352200338214
3 18.8 0.86849537223 -5.1349578585
4 18.8 -5.96143116003 -5.59728838822
5 18.8 13.5491793859 -1.57086238506
6 18.8 -1.92781159096 -4.69103737753
1 19.0 21.2287515219 3.62259506459
2 19.0 -3.41663745032 0.941173998565
3 19.0 1.25447631009 -3.54603192386
4 19.0 -7.22244651222 -4.81862524914
5 19.0 13.1385624877 -3.46690926288
6 19.0 -0.417834106849 -4.58549955265
1 19.2 22.1782503389 2.23246312873
2 19.2 -3.59970036831 -0.534695506215
3 19.2 2.46063194097 -4.66003263246
4 19.2 -6.96537216994 -3.35383324696
5 19.2 12.6619875469 -5.35777581709
6 19.2 0.50974901989 -3.38244827198
1 19.4 23.3752416621 1.03851979651
2 19.4 -3.64292395123 -2.02637709771
3 19.4 1.11059517219 -3.71375408487
4 19.4 -5.94651104159 -2.26346438752
5 19.4 14.1498598664 -4.08190906815
6 19.4 -0.504632440588 -2.24428948666
1 19.6 23.6825102132 2.70832594278
2 19.6 -4.92438808412 -1.25167461092
3 19.6 1.37528474632 -5.34786132908
4 19.6 -5.12734309646 -1.00995804745
5 19.6 15.7170487974 -2.88825130546
6 19.6 0.530606858789 -3.37094240976
1 19.8 24.793624162 1.41504582773
2 19.8 -5.80194056384 -2.4713469143
3 19.8 0.49747890188 -3.93639402419
4 19.8 -3.87619977677 -1.84202732096
5 19.8 15.9780849032 -0.925533763004
6 19.8 2.03588591567 -3.06770331887
1 20.0 23.1214501194 1.78323909683
2 20.0 -4.81730011299 -1.3295854343
3 20.0 -0.808797892672 -4.97511020002
4 20.0 -4.46917880452 -3.22821344387
5 20.0 17.5457507787 0.300240972772
6 20.0 3.20538780342 -2.06426133737
1 20.2 21.8377965892 0.639274897446
2 20.2 -4.40749883729 0.126673065571
3 20.2 0.637389241637 -4.12868729
4 20.2 -4.49663848029 -1.71564216614
5 20.2 15.5458351343 0.318609846969
6 20.2 3.70663424888 -3.52722192742
1 20.4 21.6915165574 -1.08113618857
2 20.4 -5.87912701394 -0.245454358853
3 20.4 0.641374335533 -2.44625957722
4 20.4 -5.87966349177 -2.3412699532
5 20.4 14.9343952905 -1.58038102118
6 20.4 3.2338422288 -2.04908109333
1 20.6 22.1300040751 -2.75858545492
2 20.6 -7.24290911354 -0.923585392224
3 20.6 2.31897870052 -2.64375315041
4 20.6 -7.29364051939 -2.90733733344
5 20.6 13.0933680358 -0.824921791587
6 20.6 4.61904698472 -1.33730089026
1 20.8 23.8276150621 -2.37229154201
2 20.8 -8.60472025423 -0.230129315057
3 20.8 2.81291987985 -1.02133065213
4 20.8 -8.81461370903 -3.05583470807
5 20.8 11.1241078577 -1.07439994901
6 20.8 3.383650756 -0.380081058598
1 21.0 24.4751354869 -0.748430227024
2 21.0 -9.94543363729 0.513912844769
3 21.0 4.51269635383 -1.12111257579
4 21.0 -7.79495276535 -4.20099961805
5 21.0 13.059232944 -1.4935549327
6 21.0 4.17706263851 -1.73288604403
1 21.2 25.6084904973 -2.08892283272
2 21.2 -9.15199146559 -0.804159014233
3 21.2 6.14141382775 -0.601948792694
4 21.2 -6.25733698393 -4.25200563787
5 21.2 11.4876195566 -2.68965541367
6 21.2 4.01971966534 -0.167000751402
1 21.4 27.2798278283 -1.52914182169
2 21.4 -9.98823420702 0.49328746787
3 21.4 5.01278313257 -1.89484896467
4 21.4 -6.67361341464 -5.73840505584
5 21.4 12.0236336668 -0.793979050557
6 21.4 2.7693111033 0.797603585559
1 21.6 27.585364422 0.214068839054
2 21.6 -9.44461347497 -0.956886240473
3 21.6 5.69754461767 -0.313793123109
4 21.6 -7.32354950458 -4.33266312943
5 21.6 10.6478871721 0.609069980062
6 21.6 1.92537951845 -0.543683795347
1 21.8 27.9850285457 -1.5173816753
2 21.8 -9.83720579774 -2.46031869254
3 21.8 7.39585956609 -0.641956609591
4 21.8 -8.73764965168 -4.97668070976
5 21.8 9.30295467716 -0.816677747965
6 21.8 2.89719750171 -1.8023303485
1 22.0 29.5831693628 -0.724149038543
2 22.0 -8.48730908063 -3.24017759328
3 22.0 5.90163124122 0.242728097471
4 22.0 -8.07660235951 -3.56479632021
5 22.0 8.66348606642 1.03078128971
6 22.0 4.40656456138 -2.31986403715
1 22.2 27.9380077918 -0.0153198638793
2 22.2 -7.69799555432 -1.88984393517
3 22.2 5.30353873113 1.880159731
4 22.2 -7.06776649748 -4.76006492371
5 22.2 9.13028504725 2.92408493981
6 22.2 2.87961278426 -2.80144137521
1 22.4 29.7353285785 0.0514648929338
2 22.4 -8.25408686693 -3.35723878972
3 22.4 4.05059320256 0.658428376564
4 22.4 -6.56764596593 -6.24746690738
5 22.4 7.18528540753 2.92526879121
6 22.4 3.5676263708 -4.25322094198
1 22.6 29.9846707639 1.83992261501
2 22.6 -9.58309083627 -2.51322775329
3 22.6 4.12528583342 2.41359654893
4 22.6 -8.03750886542 -6.81147864204
5 22.6 9.03856812471 3.49880446595
6 22.6 4.9969906333 -3.50788056636
1 22.8 31.7377723773 2.3018978646
2 22.8 -10.1888396598 -3.97194229459
3 22.8 5.11050558893 0.95095443765
4 22.8 -6.92542865148 -7.93311019827
5 22.8 8.43281542098 1.66106436955
6 22.8 5.36645947431 -5.08260429823
1 23.0 29.9190067046 2.23107986084
2 23.0 -9.56586857077 -2.5149203526
3 23.0 3.9774941059 2.31115361759
4 23.0 -7.01295495483 -9.51530647667
5 23.0 10.1861325555 2.46777313101
6 23.0 3.74931434767 -5.21975750614
1 23.2 31.6477836384 1.63905371885
2 23.2 -10.4593043115 -3.82985657092
3 23.2 2.21665304751 2.07185501354
4 23.2 -5.42687473764 -9.62316854489
5 23.2 8.8237798393 3.82778051212
6 23.2 2.35473384077 -4.37899499458
1 23.4 31.0385785152 -0.0913734392651
2 23.4 -11.9128503953 -3.17348790594
3 23.4 2.9854341023 3.68146996039
4 23.4 -4.3644686331 -10.8126681502
5 23.4 10.5886559528 3.07173004809
6 23.4 2.79459935762 -5.95255194214
1 23.6 30.295592504 1.59383536833
2 23.6 -13.4884172586 -3.45203603347
3 23.6 4.77510565659 3.7372476897
4 23.6 -2.77216662944 -10.9694301646
5 23.6 10.4362507237 4.98065583139
6 23.6 1.25120387305 -5.39993997293
1 23.8 28.6744881482 2.48295236086
2 23.8 -12.3086729751 -4.54044771127
3 23.8 3.691544825 2.30331132461
4 23.8 -1.19637234285 -11.2748952547
5 23.8 12.2401320508 5.60843935921
6 23.8 -0.226183078982 -6.12293623543
1 24.0 26.8547920306 2.11707077729
2 24.0 -13.0547318438 -5.96744521345
3 24.0 5.29152033365 1.4698310299
4 24.0 0.410531611226 -11.3787479828
5 24.0 12.3652552983 3.70755294152
6 24.0 -1.5719577545 -7.0780761397
1 24.2 27.8313168556 3.70399264341
2 24.2 -13.3082387972 -4.37207639082
3 24.2 6.68199317276 2.62984011446
4 24.2 -0.0496679553395 -12.9271935952
5 24.2 11.5825861888 5.43886142505
6 24.2 -1.75495785029 -5.43248253481
1 24.4 26.6334713388 2.26734730628
2 24.4 -14.6475276766 -3.45973484354
3 24.4 6.9601462285 4.425997886
4 24.4 -0.120889304537 -11.3082466162
5 24.4 11.221613809 7.29916353519
6 24.4 -0.718381252211 -4.13436787948
1 24.6 28.4981697058 2.04678170395
2 24.6 -13.7479891972 -2.10565239834
3 24.6 8.43272300732 5.50288082802
4 24.6 1.27736384352 -12.1374612315
5 24.6 12.926466106 8.11499356985
6 24.6 -0.773458102678 -5.80012425972
1 24.8 30.1551805677 1.14837579299
2 24.8 -12.3961833406 -3.01780875009
3 24.8 8.545908074 3.67530126308
4 24.8 0.581703003859 -13.6124067492
5 24.8 11.8241568735 6.58589600721
6 24.8 -1.88073934781 -4.54714747671
1 25.0 28.2745568933 0.940420799719
2 25.0 -11.5527431602 -1.61610654106
3 25.0 10.1369774206 4.59516334644
4 25.0 2.15273855065 -13.156328103
5 25.0 13.2075710337 7.85891024965
6 25.0 -3.07347026981 -5.72685932297
1 25.2 27.7270902209 2.75908705474
2 25.2 -12.9684483106 -2.44601260889
3 25.2 11.0207928373 6.21423700991
4 25.2 0.678388492168 -13.8769230374
5 25.2 13.7117858358 6.05297768354
6 25.2 -2.60131487529 -4.11138397035
1 25.4 26.7783359491 4.41272291903
2 25.4 -13.6764081523 -0.959871516055
3 25.4 10.7453683132 8.04498635312
4 25.4 -0.445282949587 -12.6739330224
5 25.4 14.9446027714 7.4590581945
6 25.4 -3.86245145316 -2.98859733722
1 25.6 28.6908590771 4.47893903772
2 25.6 -15.3083816983 -0.708088359033
3 25.6 12.5134443467 7.47360829866
4 25.6 1.05897431664 -11.992799783
5 25.6 16.6898184773 6.80145106254
6 25.6 -4.81750972757 -4.38769085278
1 25.8 27.9437956762 6.24857519477
2 25.8 -16.7495816874 -1.52456709649
3 25.8 13.8386390811 8.78569818893
4 25.8 -0.184553396839 -10.8985723097
5 25.8 18.5312773515 6.53947928044
6 25.8 -4.84570229835 -2.68847116302
1 26.0 26.1886173551 5.45060590182
2 26.0 -17.7631270253 -0.207966964591
3 26.0 13.9735732878 6.91894693223
4 26.0 1.25139496178 -10.0626522354
5 26.0 16.7595655935 5.98987720014
6 26.0 -3.16036433098 -2.94611711055
1 26.2 28.0772652703 5.02845832549
2 26.2 -18.556475908 -1.6737006812
3 26.2 15.7124891736 6.20868157742
4 26.2 2.7394187919 -10.8133604736
5 26.2 17.8065955424 4.46467941422
6 26.2 -2.05126037132 -1.64408149288
1 26.4 28.5071350373 6.92274146536
2 26.4 -18.6609265942 -0.00517194380134
3 26.4 14.2437641678 7.3904520014
4 26.4 4.38441802109 -11.1114806327
5 26.4 18.0477706495 2.63551032206
6 26.4 -2.76003069548 -3.20669966
1 26.6 29.480769065 8.61186373206
2 26.6 -18.0728808829 -1.57560922285
3 26.6 13.676029735 5.58575464606
4 26.6 5.87332753841 -11.8829853023
5 26.6 17.1288850825 4.22963996381
6 26.6 -1.48204368236 -2.05358978247
1 26.8 28.2672832379 10.1470033135
2 26.8 -19.7367427379 -1.32891053395
3 26.8 14.1074548171 3.73677138774
4 26.8 6.9225876236 -13.1976524804
5 26.8 18.1102278041 5.78018550093
6 26.8 -1.11668674728 -3.74127148029
1 27.0 26.9493117095 11.6031489405
2 27.0 -21.200875679 -0.490525567036
3 27.0 14.400788147 5.61946236517
4 27.0 7.29826154268 -14.8424757926
5 27.0 19.7670821701 5.00318253453
6 27.0 -0.822014234913 -2.03427849771
1 27.2 24.9809397192 11.7091296409
2 27.2 -20.5662423184 1.07827837962
3 27.2 12.8388078091 6.72244992558
4 27.2 5.76160332315 -15.5514093874
5 27.2 21.5564460437 4.64429267979
6 27.2 0.249380044871 -0.666165680946
1 27.4 25.2206790657 13.6729677006
2 27.4 -20.278308323 2.7511150842
3 27.4 12.5221598613 8.61506290624
4 27.4 5.02059114008 -14.0242585859
5 27.4 20.2779501574 3.34897485443
6 27.4 1.46403608818 -1.91646574482
1 27.6 23.2909121266 13.2053646292
2 27.6 -21.7464822065 3.61319974999
3 27.6 12.1627772045 6.72321964797
4 27.6 6.00686940506 -15.4120552956
5 27.6 21.8890626362 2.5131868545
6 27.6 1.93500606527 -0.232450386757
1 27.8 23.2473529573 15.1976942649
2 27.8 -23.3610364714 3.05693763229
3 27.8 14.0333873399 6.23833530407
4 27.8 4.35213603842 -15.8340393036
5 27.8 21.9002576458 4.32315223311
6 27.8 1.96458266719 1.52139860431
1 28.0 21.2667656265 14.9197125655
2 28.0 -24.9607436275 2.4448174449
3 28.0 15.9702548009 6.143471453
4 28.0 2.91264201455 -14.9058092328
5 28.0 23.2537884828 3.12900849254
6 28.0 1.36278375393 3.17484937809
1 28.2 19.850146657 13.5167212777
2 28.2 -24.5321899907 4.10845489877
3 28.2 14.69413125 7.61255766814
4 28.2 1.25503947766 -14.4544760663
5 28.2 21.6706013437 2.27255155696
6 28.2 -0.174893863459 2.30832240574
1 28.4 20.9443479929 15.1759947062
2 28.4 -23.7518358199 5.64469753938
3 28.4 15.4074990688 9.430290927
4 28.4 0.357844310417 -12.9834101552
5 28.4 23.4200829512 1.87088116363
6 28.4 0.296747166228 0.601806667578
1 28.6 22.4841648966 13.9290877529
2 28.6 -25.3617537518 6.27307419201
3 28.6 13.5037181252 9.89407912454
4 28.6 1.03262236977 -14.5744373504
5 28.6 25.1879957336 1.59055208188
6 28.6 -1.45433206837 0.898019829632
1 28.8 22.7434779484 11.9710287346
2 28.8 -23.6651131198 5.91831369512
3 28.8 14.9737801859 8.58835183812
4 28.8 -0.699462039701 -14.6402252135
5 28.8 23.4536549458 2.01279257242
6 28.8 0.155634508602 0.135479625383
1 29.0 24.0741684756 13.4222363652
2 29.0 -22.8963328152 4.35907498214
3 29.0 16.9164588762 8.9327670794
4 29.0 -1.28285072941 -13.0025725771
5 29.0 24.7335885861 3.24979292667
6 29.0 1.94225893265 0.104950141295
1 29.2 23.5716073451 11.5249349073
2 29.2 -21.4687466103 5.36012584067
3 29.2 17.6137682404 7.07990727536
4 29.2 -3.01118968007 -12.7724646338
5 29.2 24.1441433113 4.92406269824
6 29.2 3.71574083865 0.364333009243
1 29.4 21.8914125293 12.527393234
2 29.4 -21.8303658721 7.07104546872
3 29.4 16.6904067011 8.83875122201
4 29.4 -4.73522206168 -12.4796732211
5 29.4 25.3367573282 3.61617439772
6 29.4 1.92724148155 0.181559994582
1 29.6 21.6552139926 10.5914382945
2 29.6 -23.3251193135 6.15360965036
3 29.6 18.5502233587 9.55575932986
4 29.6 -4.26823590965 -10.7891406822
5 29.6 26.1651161275 5.17471432329
6 29.6 3.56428081277 0.937811445177
1 29.8 19.71133712 10.5620257267
2 29.8 -23.8628241641 4.47883674363
3 29.8 17.1033490629 10.9365398237
4 29.8 -6.02135818528 -10.9325041442
5 29.8 26.3663207164 3.42625308168
6 29.8 5.32739534238 0.534104858259
1 30.0 18.0149191546 9.62523505769
2 30.0 -22.401175158 3.49109181728
3 30.0 15.1961960016 10.3564581971
4 30.0 -5.51366337637 -9.24303563671
5 30.0 26.6001782103 5.16560229117
6 30.0 7.06364662549 1.06020454485
1 30.2 19.831978604 8.96974206628
2 30.2 -22.2926980835 1.72518971379
3 30.2 13.3157149734 9.71510598969
4 30.2 -7.25455220588 -9.55844584275
5 30.2 25.8529690767 6.74806193072
6 30.2 7.34413676157 -0.737719799621
1 30.4 21.5560128265 8.11234793593
2 30.4 -21.9121041656 3.45825002422
3 30.4 15.2230640778 10.2475170795
4 30.4 -6.15948781608 -8.1623141326
5 30.4 25.4589938506 8.44800561248
6 30.4 8.29053069342 -2.29831653751
1 30.6 22.7225036187 6.58826208686
2 30.6 -23.1595652295 2.18922854443
3 30.6 16.8624828064 9.14854683633
4 30.6 -7.63123109751 -9.16258726308
5 30.6 25.0122917516 6.76632275451
6 30.6 7.23160794151 -3.79156231996
1 30.8 21.1921617148 5.44031217218
2 30.8 -24.5172611631 3.34746592206
3 30.8 15.0156542143 8.4712527585
4 30.8 -7.23059307285 -7.42352393927
5 30.8 24.9912710748 8.50119541011
6 30.8 7.93705843165 -2.09642916969
1 31.0 19.7996727767 6.74299554526
2 31.0 -26.2541598381 2.91576566751
3 31.0 16.8186876095 9.24114496562
4 31.0 -7.78940001122 -9.12379360102
5 31.0 23.6683444353 9.61598916076
6 31.0 7.88806934908 -0.255550843466
1 31.2 21.3033763746 7.90542237032
2 31.2 -26.0208671356 1.13611983899
3 31.2 18.0388690041 7.71501663456
4 31.2 -6.02682427385 -8.7848370698
5 31.2 23.6688344922 11.3409890911
6 31.2 8.91765762397 1.2778560818
1 31.4 23.1973950246 7.94392388384
2 31.4 -26.642667828 2.82531014767
3 31.4 16.5880972408 6.41597658203
4 31.4 -7.16810507236 -10.1767703078
5 31.4 22.1560427638 10.5225386121
6 31.4 7.14303750881 0.746510756918
1 31.6 21.3119042147 7.84283503869
2 31.6 -26.5223874757 1.02419369563
3 31.6 16.516529535 4.47650710698
4 31.6 -8.75466672456 -9.3157767185
5 31.6 21.6369921553 12.1571062816
6 31.6 5.69594100251 1.91175383162
1 31.8 22.5155408124 9.28960253315
2 31.8 -25.6703121806 2.62137745531
3 31.8 18.4296423408 4.76141016516
4 31.8 -8.28037353253 -11.0627953901
5 31.8 19.9622412571 12.5025182514
6 31.8 6.737513252 0.366651244039
1 32.0 20.6581745228 9.02744311622
2 32.0 -25.1289654563 0.888586346765
3 32.0 20.3308076962 5.07973986129
4 32.0 -9.65323414646 -9.8749927817
5 32.0 18.3406926661 11.975635753
6 32.0 6.24008376769 2.16808773243
1 32.2 21.2291995217 7.24721713261
2 32.2 -26.7523330551 0.0646054194001
3 32.2 18.4145034546 4.94475368809
4 32.2 -10.819401613 -8.47702269276
5 32.2 18.8892852761 13.5846870724
6 32.2 5.23971466943 0.58305597931
1 32.4 23.0924437598 7.26744527273
2 32.4 -24.9887689899 0.536629722075
3 32.4 18.3470035735 3.03147031818
4 32.4 -10.1534511266 -10.1768683046
5 32.4 19.9651276755 14.8944916882
6 32.4 3.64634327519 -0.414313455694
1 32.6 24.949586509 7.26681231327
2 32.6 -24.4995187804 -1.22755570154
3 32.6 17.8317413357 1.19447082085
4 32.6 -8.80906744053 -11.4195864871
5 32.6 19.4186116462 13.2952980696
6 32.6 2.79190474893 -2.09481543858
1 32.8 23.9259323192 5.72470979637
2 32.8 -22.7396035386 -0.704853361221
3 32.8 15.9478784964 0.937444491854
4 32.8 -8.05038911956 -9.74778308939
5 32.8 17.8443709085 12.6944727208
6 32.8 2.74570868306 -0.204669498703
1 33.0 25.3436267083 4.54439783304
2 33.0 -21.7028012807 0.816467278541
3 33.0 16.4995508838 -0.875201440982
4 33.0 -9.22816671236 -11.1627796805
5 33.0 19.1349053135 13.7700753191
6 33.0 2.68201998089 -2.09977447251
1 33.2 25.5619750976 6.36989515945
2 33.2 -20.7903017656 2.42134380294
3 33.2 15.0074998851 -2.03232029957
4 33.2 -10.0037012175 -9.48741994151
5 33.2 17.8868656865 12.6529262291
6 33.2 0.993779815498 -2.97503291413
1 33.4 23.8976584022 5.60349683039
2 33.4 -21.5092499999 4.12732113861
3 33.4 14.98374969 -3.91374934777
4 33.4 -11.6995760814 -10.2298845397
5 33.4 18.6144798405 11.1497703347
6 33.4 1.49506399158 -4.8150761676
1 33.6 23.608509163 3.8004476657
2 33.6 -22.4673692508 2.53726876805
3 33.6 15.0226267566 -2.03915243811
4 33.6 -12.2538770174 -12.00160955
5 33.6 17.2839870806 12.150776836
6 33.6 0.170719058867 -6.19494138724
1 33.8 25.4158636017 3.58733320218
2 33.8 -21.0925503578 1.28219966424
3 33.8 16.0522143079 -0.48000308537
4 33.8 -10.3990794062 -11.8433336356
5 33.8 15.8297986104 12.9513615556
6 33.8 2.05079418812 -5.81524772133
1 34.0 27.0016002208 4.46757103517
2 34.0 -19.9919634919 -0.22549824814
3 34.0 17.0114917581 -2.07569816858
4 34.0 -8.66480989505 -11.1528600973
5 34.0 17.1374251739 11.9368972781
6 34.0 0.168466031829 -5.41941637957
1 34.2 26.7610032518 6.25893949254
2 34.2 -21.3693309933 -1.49296612079
3 34.2 18.6894934007 -1.28429948747
4 34.2 -7.25821384168 -12.3878109403
5 34.2 16.1153839347 13.2322473101
6 34.2 0.375195898297 -7.33726835248
1 34.4 27.7944479013 4.78365452031
2 34.4 -23.1559031512 -0.917639986161
3 34.4 17.692141795 -2.84087363761
4 34.4 -8.6950488844 -13.5954306225
5 34.4 17.3068007082 12.0979849631
6 34.4 -1.03783482981 -8.65838492525
1 34.6 28.9929777154 6.11994145674
2 34.6 -21.4241587899 -1.65464642799
3 34.6 16.5762939022 -1.37518769554
4 34.6 -7.01584909636 -14.4453747972
5 34.6 15.6936394955 12.3934691451
6 34.6 -1.1333115645 -10.5959246439
1 34.8 30.5399959612 5.22182615504
2 34.8 -19.5483908672 -1.44742404289
3 34.8 16.7060486129 -3.20612203926
4 34.8 -5.96025026075 -12.8810354749
5 34.8 17.0344879392 13.329070797
6 34.8 -2.96219465833 -9.9329062058
1 35.0 29.7913394757 3.6040476694
2 35.0 -19.4509179191 0.442371561609
3 35.0 18.3998933184 -3.89600506559
4 35.0 -6.85134043294 -14.5504026327
5 35.0 15.8022330068 14.3960514817
6 35.0 -4.34074468081 -11.3132312504
1 35.2 29.5588441006 1.8429304008
2 35.2 -20.6908771214 -0.993861066359
3 35.2 19.012815507 -5.61220815752
4 35.2 -5.46495262253 -13.2549521998
5 35.2 15.0534509471 15.8382548055
6 35.2 -3.46951395007 -13.064803316
1 35.4 27.8666368253 1.32332074038
2 35.4 -22.4430647501 -1.73520354998
3 35.4 17.2521077155 -5.1683619166
4 35.4 -7.23592469742 -13.9502277382
5 35.4 15.302082402 14.237448009
6 35.4 -2.36039743852 -14.682925149
1 35.6 28.4956193888 2.97134661492
2 35.6 -22.2489382046 -3.63299300753
3 35.6 15.6240995056 -5.95755897499
4 35.6 -8.12337108212 -15.6389340049
5 35.6 16.7808272817 13.5881879835
6 35.6 -2.71813810043 -12.7485133372
1 35.8 29.2101095998 4.57734721606
2 35.8 -20.5646037302 -4.53957984427
3 35.8 16.7570324551 -7.35968006157
4 35.8 -9.97935497041 -16.1017580759
5 35.8 15.3639070692 14.3526728503
6 35.8 -1.38215652168 -14.1999299271
1 36.0 29.8975314381 2.9663262944
2 36.0 -22.2855473353 -3.69289194855
3 36.0 17.4360316373 -5.69692176104
4 36.0 -10.6173565624 -17.910481729
5 36.0 14.5514989147 12.9684698339
6 36.0 -1.89671042601 -16.1099771397
1 36.2 28.7872564831 4.31299138904
2 36.2 -21.4605312861 -5.43000834381
3 36.2 15.8581724051 -4.8527794094
4 36.2 -12.0422223073 -16.6189777759
5 36.2 14.9710719281 11.424462552
6 36.2 -0.450788718205 -17.4679187398
1 36.4 28.313832494 2.63953855262
2 36.4 -19.9808594833 -4.19366438991
3 36.4 16.0050138211 -3.07594198263
4 36.4 -12.3328226567 -14.7127966582
5 36.4 15.2551872577 12.9939540237
6 36.4 1.2342376028 -16.4109940061
1 36.6 27.5947742947 4.21623270473
2 36.6 -21.1718152424 -2.67070603271
3 36.6 15.6050721583 -1.34523563829
4 36.6 -10.440562503 -15.109192027
5 36.6 14.4402747681 11.6286637123
6 36.6 1.20111512764 -14.416733532
1 36.8 28.5759597823 5.63707605065
2 36.8 -19.9872620047 -4.20513321027
3 36.8 15.1344898203 0.360789201339
4 36.8 -12.0972343022 -14.1026774043
5 36.8 13.6147426613 10.2756220497
6 36.8 -0.659379293905 -13.6828667134
1 37.0 28.7013222833 3.9211524489
2 37.0 -19.2071965517 -5.98531269008
3 37.0 14.5463507978 -1.30138354902
4 37.0 -10.5987792495 -15.3404873843
5 37.0 12.4570672751 9.20036036057
6 37.0 1.04575500938 -14.7116533895
1 37.2 28.4399594162 5.61539710712
2 37.2 -18.0235120329 -4.43728407161
3 37.2 13.1209746814 -2.32796648528
4 37.2 -10.1994960359 -17.2478611177
5 37.2 13.3446790219 7.89929526343
6 37.2 1.60000707796 -12.8077834408
1 37.4 27.9545254112 7.25303944934
2 37.4 -19.2428332454 -5.96397021272
3 37.4 14.0429745827 -0.840547182577
4 37.4 -11.7656010082 -18.4161205105
5 37.4 12.646512823 6.49307196727
6 37.4 3.2923324261 -13.8247044189
1 37.6 26.9714368825 5.86383974428
2 37.6 -17.750145352 -7.23261649588
3 37.6 14.5159335801 -2.51858971885
4 37.6 -10.0861677629 -19.4246265906
5 37.6 11.3439245325 7.36053305892
6 37.6 2.09876207795 -15.3866924179
1 37.8 26.278394079 7.4113952255
2 37.8 -19.2876920087 -8.45476589775
3 37.8 16.1974305246 -2.95354779046
4 37.8 -11.0429503839 -21.1399300327
5 37.8 9.92022450328 7.99824633842
6 37.8 0.198644384064 -14.9171832462
1 38.0 27.9310002881 7.06053401508
2 38.0 -21.004240703 -9.41982050908
3 38.0 16.2518945649 -1.2241420359
4 38.0 -11.7298440977 -22.9854778778
5 38.0 9.09063349761 9.3134663821
6 38.0 -1.36922527757 -16.0744586533
1 38.2 26.9273727297 5.70924043871
2 38.2 -19.0387137286 -9.60636024344
3 38.2 15.5196172355 0.336260851299
4 38.2 -12.70452108 -21.2684752162
5 38.2 7.94325412017 10.3555894863
6 38.2 -3.30846818528 -16.0144568036
1 38.4 26.3894778704 7.29765493675
2 38.4 -17.1129273236 -10.0643080746
3 38.4 17.2351782337 0.409068446908
4 38.4 -12.7600744684 -19.2897677303
5 38.4 8.43907426523 11.8188691532
6 38.4 -3.66140827024 -14.1153506166
1 38.6 24.7331182079 7.07840572959
2 38.6 -16.033831253 -8.39870010895
3 38.6 16.5277828929 1.96646759575
4 38.6 -11.0778208975 -20.3427260144
5 38.6 9.74177999451 10.9975544858
6 38.6 -5.48280928172 -14.7323783368
1 38.8 26.3522731848 6.69211838326
2 38.8 -17.2862967185 -9.94479512889
3 38.8 17.836734825 3.0573761501
4 38.8 -12.9792751602 -20.9288584563
5 38.8 9.58712449759 9.47036534323
6 38.8 -4.52918805531 -13.0722484171
1 39.0 25.5354202388 8.13537594233
2 39.0 -18.9913466197 -8.9092670934
3 39.0 17.5993435418 4.7380620028
4 39.0 -12.8066011041 -18.941473957
5 39.0 10.0023182419 7.99777777208
6 39.0 -3.04428499477 -11.8773284454
1 39.2 25.3271051806 6.49638738975
2 39.2 -17.4032253684 -7.69358996069
3 39.2 19.0522992252 5.60275202024
4 39.2 -13.432109132 -17.041805642
5 39.2 11.3451888907 8.720497234
6 39.2 -3.71676095058 -13.651599866
1 39.4 26.50977243 5.35162038499
2 39.4 -15.4204297274 -7.518899059
3 39.4 17.6837535112 6.58440762458
4 39.4 -14.5831370721 -18.6657299462
5 39.4 12.5019022928 9.70660782892
6 39.4 -2.24705708454 -12.4650621376
1 39.6 24.8752046898 5.22133816245
2 39.6 -16.1125542061 -5.6627912923
3 39.6 17.0264744631 8.12792049063
4 39.6 -13.9516292813 -20.5433268799
5 39.6 11.2178997318 10.5106988831
6 39.6 -1.44631793803 -10.7637384159
1 39.8 26.2612085187 4.35678768075
2 39.8 -15.3700791065 -3.83652150429
3 39.8 18.626802837 7.64691530009
4 39.8 -15.8727384707 -20.9858990147
5 39.8 11.034763853 9.01184557139
6 39.8 -1.65690299603 -12.6236496975
1 40.0 25.3807649174 2.98820470341
2 40.0 -14.5113317717 -2.07254210818
3 40.0 20.2468291289 7.26483224772
4 40.0 -15.3627673549 -19.0914334553
5 40.0 10.8568079307 10.5062875039
6 40.0 -3.51960204508 -12.5784296514
1 40.2 24.4330764664 1.67294419312
2 40.2 -16.4407473933 -2.37111662545
3 40.2 21.5514449082 6.24180115
4 40.2 -15.0957473266 -21.0254685345
5 40.2 9.50492029809 9.85636456334
6 40.2 -1.70094012414 -12.2145834232
1 40.4 26.0373118444 1.85828962438
2 40.4 -14.5987778702 -1.75318284796
3 40.4 21.9766948237 4.64618015932
4 40.4 -13.2998445671 -21.766702071
5 40.4 8.70561181993 11.1197453281
6 40.4 -3.43075037025 -12.8595954666
1 40.6 25.2455195821 3.25863483704
2 40.6 -13.9784747913 0.0779375380611
3 40.6 23.1574094088 3.50115948341
4 40.6 -13.2972253951 -19.8333705119
5 40.6 9.56366679933 12.3378757202
6 40.6 -3.0251643967 -14.6518842011
1 40.8 23.9463661431 4.19680157336
2 40.8 -12.4737513726 -1.12074945903
3 40.8 24.049941139 2.12749707992
4 40.8 -11.3796935486 -19.9886596016
5 40.8 9.01035915699 10.9598061818
6 40.8 -4.34919142539 -13.3899760088
1 41.0 22.3741613188 3.92064869358
2 41.0 -10.7840668124 -0.22105179697
3 41.0 25.5459705548 1.4763858387
4 41.0 -12.9246968073 -18.858414174
5 41.0 10.1051169089 11.9557506906
6 41.0 -2.58560531796 -12.9382781327
1 41.2 21.0220601836 4.75738045443
2 41.2 -10.9834609423 1.67324487853
3 41.2 24.2167696376 2.41118524054
4 41.2 -14.1009813614 -20.3565705616
5 41.2 11.4165878518 11.2807181242
6 41.2 -3.55504389071 -11.4074584315
1 41.4 19.5515377012 4.16903752518
2 41.4 -12.4466832809 2.87778123137
3 41.4 24.7573444049 0.885712977743
4 41.4 -12.2409504174 -19.9929604338
5 41.4 12.7639252569 11.8685802822
6 41.4 -1.7565559066 -11.5407264004
1 41.6 17.9780057584 4.05526401924
2 41.6 -12.5790129364 0.996715780724
3 41.6 23.5198948159 1.91855056755
4 41.6 -10.4205045707 -19.5011319206
5 41.6 12.9147504854 13.325795692
6 41.6 -0.168462855218 -10.7043501572
1 41.8 16.6866447047 4.95068257179
2 41.8 -12.1347044676 -0.826106395864
3 41.8 21.9417986993 1.62447157664
4 41.8 -8.95569625542 -18.3287722051
5 41.8 11.4617783358 13.4688758527
6 41.8 -1.24272567579 -12.1315556906
1 42.0 18.0504102057 4.18253601
2 42.0 -13.3981570176 0.547986795422
3 42.0 21.0249940161 0.314792082334
4 42.0 -8.22973956964 -20.0484905933
5 42.0 12.9070730905 13.6366497239
6 42.0 -1.32300764394 -10.3555915489
1 42.2 17.0688297448 2.97133818747
2 42.2 -13.4109076751 -1.30911228986
3 42.2 22.2311556665 -0.724425528206
4 42.2 -6.3759999583 -20.1608696179
5 42.2 11.4602376116 13.5409047662
6 42.2 -1.1388954957 -8.59596652302
1 42.4 18.337915034 3.86609789666
2 42.4 -12.5971532036 0.349652251973
3 42.4 21.7694940066 0.792400832946
4 42.4 -5.39034549082 -21.7236176513
5 42.4 11.8199110705 12.1413834184
6 42.4 -2.0321862823 -10.1132136603
1 42.6 18.6948165627 5.37093772428
2 42.6 -13.1944697205 2.08798682362
3 42.6 21.845662608 2.36950994027
4 42.6 -6.31481941084 -20.1349257128
5 42.6 10.9041409454 13.2526732447
6 42.6 -0.283923770834 -9.99676028256
1 42.8 20.2340831037 5.4293027896
2 42.8 -12.1765133971 0.568961348858
3 42.8 23.2544638904 3.06780887203
4 42.8 -4.58903577469 -19.5304885278
5 42.8 9.80632051504 12.328543761
6 42.8 0.562336612831 -8.4723100351
1 43.0 21.7674328387 5.37940219292
2 43.0 -13.7235649458 -0.387890649111
3 43.0 23.5179280549 1.52434416238
4 43.0 -4.41116115831 -17.7201584857
5 43.0 11.2009334847 12.0123876842
6 43.0 1.33358572814 -10.0265133984
1 43.2 21.0733371334 4.01820297773
2 43.2 -13.5341030184 -2.18746854276
3 43.2 25.0040475776 1.99613461333
4 43.2 -2.84297330612 -18.6230224165
5 43.2 11.8297135649 10.7336145961
6 43.2 1.85035006413 -8.37916944081
1 43.4 21.8199866917 2.69222996964
2 43.4 -13.8911385971 -0.423233412307
3 43.4 25.4032390564 3.4965715441
4 43.4 -2.10653350004 -20.2654768031
5 43.4 13.2093951125 11.0695890404
6 43.4 1.03410562114 -6.86751709758
1 43.6 20.6347414121 3.63669733033
2 43.6 -14.9580058426 1.01468149102
3 43.6 23.8786229437 3.24000878664
4 43.6 -3.79295007538 -19.6639752461
5 43.6 13.966948646 12.2647198466
6 43.6 -0.472715454598 -7.67470013123
1 43.8 22.0366549305 3.0775232968
2 43.8 -16.5401520389 1.83236406809
3 43.8 24.9623455228 2.14660831296
4 43.8 -2.02646477842 -19.8905168071
5 43.8 13.3123158382 11.015898047
6 43.8 -0.337486467368 -9.3701705186
1 44.0 20.5353228357 3.00452770861
2 44.0 -15.9011693162 3.48453242023
3 44.0 25.6380285037 0.770665442186
4 44.0 -2.89737598949 -18.3479628061
5 44.0 12.0234306871 10.4566127288
6 44.0 1.31913282498 -9.71588404983
1 44.2 21.0463719773 1.59757296543
2 44.2 -15.9627248328 5.2453615739
3 44.2 26.2642800413 2.16258817738
4 44.2 -3.54781033201 -16.7105124843
5 44.2 12.2758404954 9.07955452785
6 44.2 1.13238426306 -8.0425117019
1 44.4 21.6487474462 2.9611272497
2 44.4 -14.2170298573 5.39829311086
3 44.4 27.7764954079 2.31360060826
4 44.4 -2.66096523904 -18.2219173882
5 44.4 10.9117054705 8.78773157815
6 44.4 2.678052923 -7.39656336706
1 44.6 22.81344996 3.88152136125
2 44.6 -13.3968566765 6.93610550967
3 44.6 26.4252600977 1.63256466887
4 44.6 -1.31601019482 -19.3303608687
5 44.6 10.0759341024 7.6770623114
6 44.6 1.30477211003 -6.45217065928
1 44.8 24.1703617321 3.29496732179
2 44.8 -14.9197726377 6.1083546899
3 44.8 25.0558733274 2.26070477898
4 44.8 -3.0202219896 -19.0139645935
5 44.8 8.69170350247 7.72322123644
6 44.8 1.22460482625 -8.10835120718
1 45.0 24.800200824 4.62546835768
2 45.0 -14.1363494282 7.64385700156
3 45.0 24.0571223182 3.37985464459
4 45.0 -1.80583985025 -17.7905287374
5 45.0 9.24073836196 6.45714038473
6 45.0 -0.315527291605 -8.69918365871
1 45.2 24.5294185932 3.18485754317
2 45.2 -14.0377695263 5.93240805019
3 45.2 25.5091134838 3.03052944432
4 45.2 -3.38297302348 -17.1186459618
5 45.2 10.2704224523 5.54589087221
6 45.2 -1.95528137773 -8.6345950256
1 45.4 23.2155255736 3.82062249437
2 45.4 -14.3255694322 7.61270099075
3 45.4 26.9810849121 3.24029016572
4 45.4 -4.02399960388 -15.5389947107
5 45.4 8.90245850286 5.47122740742
6 45.4 -0.492668352425 -9.35968096788
1 45.6 24.1733418009 4.91378605812
2 45.6 -15.8709380297 6.91580207599
3 45.6 28.4544860612 3.38265613898
4 45.6 -2.39780585227 -15.0601146821
5 45.6 9.97053851215 4.62126852973
6 45.6 1.13124105933 -9.35118734557
1 45.8 25.4002255068 5.68135272904
2 45.8 -17.5530652549 6.80589006034
3 45.8 29.8773641506 3.76627456296
4 45.8 -3.85775591155 -14.2173938046
5 45.8 8.63609240956 4.88366822351
6 45.8 1.93582552977 -10.7519411732
1 46.0 24.0427232328 6.16472698929
2 46.0 -15.9150433057 7.16155648584
3 46.0 31.3353794656 3.92933649686
4 46.0 -2.19407036587 -14.0130291365
5 46.0 8.36893480346 3.55526624613
6 46.0 3.49429044355 -10.3606430678
1 46.2 25.4772587718 6.19135256893
2 46.2 -14.9332106306 8.50832386589
3 46.2 31.4209652581 2.47131997047
4 46.2 -3.78542442881 -13.5176807499
5 46.2 8.88370605214 2.30726361732
6 46.2 3.2115945309 -11.9337342468
1 46.4 26.8989973763 6.33090781584
2 46.4 -16.5282342682 8.95779249039
3 46.4 30.0810447442 3.03574531238
4 46.4 -4.67728631093 -14.9143571019
5 46.4 10.1463742875 1.84391285651
6 46.4 4.49102195966 -12.8773179133
1 46.6 25.5658355302 5.83513753802
2 46.6 -15.3702789691 7.78570544104
3 46.6 29.6262646344 1.66168185025
4 46.6 -3.48796674701 -13.7741082251
5 46.6 9.99798043786 3.17567081702
6 46.6 4.33588615019 -14.4508856777
1 46.8 25.0689485433 4.50902234469
2 46.8 -15.890257889 9.33908174186
3 46.8 30.2789961813 2.94613342008
4 46.8 -3.77607885647 -15.386667502
5 46.8 9.63564315429 1.89078300366
6 46.8 2.76710340488 -14.3406705408
1 47.0 25.438893327 3.14848358904
2 47.0 -17.518809728 9.34706957214
3 47.0 31.7103261787 3.03698644591
4 47.0 -2.38857860682 -16.2393620283
5 47.0 8.4930357542 2.57147994744
6 47.0 3.52605013113 -15.7083023252
1 47.2 26.837886785 3.03330557353
2 47.2 -16.2973407997 8.28437072019
3 47.2 30.3447147733 3.45320443537
4 47.2 -3.63770505994 -17.2694097441
5 47.2 9.5035485123 3.42850326434
6 47.2 3.20397655911 -17.2301504453
1 47.4 28.2225219542 2.84400396448
2 47.4 -17.7777237551 8.91606146635
3 47.4 30.4924241144 2.03984937302
4 47.4 -2.93288510461 -18.7164051567
5 47.4 10.1874680257 2.2994974631
6 47.4 4.750517293 -17.2681925659
1 47.6 28.6464641033 4.16914578425
2 47.6 -16.875081812 10.2371358483
3 47.6 29.6026949057 3.13944827188
4 47.6 -3.81928084208 -20.0484346596
5 47.6 8.87594190589 2.3950183359
6 47.6 5.62408832308 -16.0018049631
1 47.8 29.5621627916 5.20836616288
2 47.8 -15.5199134639 9.40458959695
3 47.8 28.2802319377 2.6564790303
4 47.8 -3.06104922329 -18.6503290395
5 47.8 9.1980123597 3.66480990257
6 47.8 5.64257278199 -17.5316078241
1 48.0 30.2670159267 4.02325115002
2 48.0 -17.098792022 9.32363943025
3 48.0 28.5418231737 1.27979607223
4 48.0 -1.55378519558 -19.1273673835
5 48.0 10.3518201994 3.05509483054
6 48.0 6.83656525158 -16.5887710844
1 48.2 29.3560906549 5.05011058289
2 48.2 -15.5828289735 9.73745556166
3 48.2 29.8840261778 0.900610161807
4 48.2 -0.453254425943 -20.2490713463
5 48.2 11.6514913244 3.084334646
6 48.2 5.44841295369 -17.19015208
1 48.4 30.7217377526 5.00299458118
2 48.4 -14.7112134861 11.0335392501
3 48.4 28.5855209558 1.39139171121
4 48.4 -1.31415397186 -21.552297519
5 48.4 12.2519213648 1.93694248696
6 48.4 6.72437710876 -16.3934374193
1 48.6 31.1757404712 6.2852415814
2 48.6 -14.7267298612 12.5858426558
3 48.6 29.2601694801 0.185734315221
4 48.6 -0.591008356092 -20.1786356101
5 48.6 13.5332862354 1.78793219119
6 48.6 7.4573779824 -17.6972424159
1 48.8 32.0626823637 5.26213308274
2 48.8 -13.1912161035 12.4354908582
3 48.8 28.8719370832 1.50478723531
4 48.8 0.950202523051 -20.2498900085
5 48.8 14.0801329387 0.625097859409
6 48.8 6.17183507413 -18.4449604498
1 49.0 30.7167545881 5.19062375851
2 49.0 -12.8216812676 13.9236289957
3 49.0 28.5979833304 2.84550551989
4 49.0 1.94311110725 -19.081453594
5 49.0 13.9026982615 -0.642544414784
6 49.0 7.64986155009 -18.4026314617
1 49.2 29.3963548404 4.95297893007
2 49.2 -12.9894699599 15.4381726298
3 49.2 27.2868132835 2.47747423334
4 49.2 0.498959184453 -19.5676847003
5 49.2 12.8259718079 0.0403063333757
6 49.2 8.8831934952 -17.6026042106
1 49.4 30.2942842402 3.96453272202
2 49.4 -11.4987205225 15.1722265086
3 49.4 27.5084707486 1.14046032342
4 49.4 1.11883983378 -20.9492813148
5 49.4 14.0935750595 0.118293490163
6 49.4 9.86114899909 -18.6887431092
1 49.6 30.3448794039 5.29276197757
2 49.6 -12.9641424258 15.514055465
3 49.6 28.6544685406 1.85154270998
4 49.6 1.69423260973 -19.5588743444
5 49.6 14.2984351947 -1.13000828625
6 49.6 11.1471221119 -19.3650990181
1 49.8 31.440569338 4.5513152402
2 49.8 -14.4587952386 15.5558876363
3 49.8 29.1619384706 3.09400832621
4 49.8 1.65451311432 -21.0535847923
5 49.8 14.9577051073 -0.056247054713
6 49.8 12.5344676143 -19.7672087172
1 50.0 30.386410409 3.76224447267
2 50.0 -14.8878219064 16.9783091833
3 50.0 30.3988908053 2.59044158595
4 50.0 3.01454542258 -21.6516308267
5 50.0 15.71734929 -1.05522939475
6 50.0 12.7784100411 -21.1822329357
1 50.2 29.0814067578 3.64170245117
2 50.2 -16.0594623031 16.0803130236
3 50.2 31.2412587258 3.61831190584
4 50.2 3.13738960926 -20.1805605946
5 50.2 16.627682331 -0.198611770371
6 50.2 11.4030126849 -21.563823495
1 50.4 28.8351327845 2.36081510971
2 50.4 -17.0155312512 14.9680885509
3 50.4 30.9153170016 4.89988134733
4 50.4 4.60388308961 -20.158022112
5 50.4 17.872468601 -0.175543566156
6 50.4 12.7889789923 -21.2603427938
1 50.6 29.5371081845 1.26884931837
2 50.6 -16.6738528627 13.5515712778
3 50.6 31.97919336 4.1256274916
4 50.6 5.7696607798 -19.2838209434
5 50.6 17.0588597254 -1.11130026398
6 50.6 13.1751619955 -22.6166929811
1 50.8 29.8336409615 0.0114155342544
2 50.8 -15.4836183849 14.3755511288
3 50.8 30.8374329572 4.76626419431
4 50.8 4.35137862149 -18.9938612454
5 50.8 17.3116477048 0.0975517689345
6 50.8 14.3207761245 -21.8090064612
1 51.0 30.9739821175 -0.58245589321
2 51.0 -16.8638106972 13.9715869041
3 51.0 31.9416522639 5.45731321797
4 51.0 5.33212786084 -20.045644894
5 51.0 16.0906343556 -0.0508611721429
6 51.0 13.4947726844 -22.9308887058
1 51.2 32.2533040282 -0.560923449501
2 51.2 -16.9129187728 15.3993140221
3 51.2 33.0851866115 4.84732828405
4 51.2 4.45092284293 -18.9212365861
5 51.2 17.1962155453 0.476694732954
6 51.2 14.0236628283 -24.2105116889
1 51.4 32.144113406 -1.82952493755
2 51.4 -18.3257312897 15.5321934308
3 51.4 32.578619782 6.0331328335
4 51.4 3.52071612954 -17.8495969006
5 51.4 18.2679361907 -0.106241677189
6 51.4 14.2118119379 -22.8473667633
1 51.6 30.9631070306 -2.28856475769
2 51.6 -16.9847453635 15.9663755531
3 51.6 31.3441022461 5.68415524218
4 51.6 2.14510418526 -17.5422710989
5 51.6 17.168626836 0.411198118958
6 51.6 14.2225739452 -24.2148457832
1 51.8 30.861553157 -3.5453379557
2 51.8 -16.7166804414 14.5922790509
3 51.8 31.0545026214 4.44112907517
4 51.8 2.01814106428 -16.1480399969
5 51.8 18.2624038043 -0.10624940833
6 51.8 15.3252902502 -25.0090926333
1 52.0 30.5384084333 -4.75766841843
2 52.0 -17.7506047945 13.6625347482
3 52.0 29.9273839387 5.02579575231
4 52.0 0.743024458105 -16.7025683342
5 52.0 17.798452415 1.00585405284
6 52.0 16.0302271857 -26.1609250629
1 52.2 29.3596416826 -4.34641500383
2 52.2 -18.8481931814 14.5005855887
3 52.2 28.9271817686 5.7972641482
4 52.2 1.97507818173 -16.0788110893
5 52.2 18.1581626205 2.15067219039
6 52.2 17.2947024957 -26.6100854377
1 52.4 29.599364145 -5.56530116853
2 52.4 -19.7387592433 15.5435181925
3 52.4 29.7761928273 6.72363927369
4 52.4 3.17464704464 -16.7435297288
5 52.4 18.3742314799 0.975368294363
6 52.4 16.1504146876 -27.2944707021
1 52.6 30.0907560405 -4.431153285
2 52.6 -18.4018667244 15.283704849
3 52.6 30.9004738159 7.26998372421
4 52.6 2.60776803939 -17.9818482556
5 52.6 19.3572413403 1.64603334811
6 52.6 17.4719262183 -27.2013789164
1 52.8 29.087675715 -5.1426808741
2 52.8 -17.5223480299 16.3110222812
3 52.8 31.7140767462 8.2102742038
4 52.8 3.29443074623 -16.8167608909
5 52.8 20.5224791824 1.43052053798
6 52.8 17.9091805243 -28.4428677845
1 53.0 28.110805281 -4.40584493906
2 53.0 -18.1265468992 17.5102758125
3 53.0 32.8686377302 8.65385883788
4 53.0 2.60646847163 -15.6635162444
5 53.0 20.3043947692 0.270848520255
6 53.0 16.8308494192 -29.1826388297
1 53.2 29.078056518 -5.14507875347
2 53.2 -19.0008231766 18.5169628386
3 53.2 33.2005212001 9.83851102314
4 53.2 1.89574702252 -16.7916353868
5 53.2 21.0511835739 -0.636307189188
6 53.2 18.0927222282 -29.4915976005
1 53.4 28.585740465 -4.03847033254
2 53.4 -19.8478279365 19.5343391663
3 53.4 34.2551671594 9.21792666321
4 53.4 0.655552669599 -17.2546576566
5 53.4 22.0205827617 -1.29141421454
6 53.4 17.9649950982 -28.2073352722
1 53.6 27.6378190635 -3.29456498053
2 53.6 -20.7418207886 20.4977309449
3 53.6 35.3628198548 9.72235775654
4 53.6 -0.540932533548 -16.7108101619
5 53.6 20.8558246819 -1.2676736272
6 53.6 18.3569217102 -29.4280109132
1 53.8 28.2947392816 -4.29729924429
2 53.8 -21.9756852708 20.9219738796
3 53.8 34.2463544499 9.25451273843
4 53.8 0.658209739868 -17.2250683036
5 53.8 20.0468893068 -0.436275071146
6 53.8 19.4797861872 -28.8271877271
1 54.0 28.3200370574 -3.10502101451
2 54.0 -21.0551280956 20.0108118685
3 54.0 33.9295244502 10.4160238306
4 54.0 1.92397855832 -16.950348407
5 54.0 20.8799585895 0.363737785152
6 54.0 19.8333555705 -30.0417269704
1 54.2 28.893752843 -4.14340528227
2 54.2 -20.2065301407 20.9767014768
3 54.2 33.4276449942 11.5031338284
4 54.2 1.72573668526 -15.6800093246
5 54.2 19.7813178513 0.0239017536839
6 54.2 21.0799132683 -29.8846899094
1 54.4 30.0557743303 -4.34931605502
2 54.4 -18.9375993171 20.8407724641
3 54.4 32.6471461028 10.6038001577
4 54.4 2.80056795822 -14.9919687253
5 54.4 20.7403420198 0.64943963761
6 54.4 19.8376311049 -30.002578466
1 54.6 29.684399408 -5.46293740036
2 54.6 -19.9217567203 21.6381924603
3 54.6 32.6533238826 9.41960574562
4 54.6 1.58218627631 -14.6455722449
5 54.6 21.830336539 0.315505589919
6 54.6 20.5732487214 -29.0051961605
1 54.8 28.8010887854 -6.22667163797
2 54.8 -20.5927163395 22.701311152
3 54.8 32.9798940615 8.28816062809
4 54.8 0.815148902329 -15.6415952518
5 54.8 22.9399922159 0.0769908553463
6 54.8 19.9619857842 -30.0734426306
1 55.0 27.9238241025 -5.46544415333
2 55.0 -21.2817193212 23.7414208477
3 55.0 33.8214085948 7.47377892626
4 55.0 1.66769738142 -16.5524818412
5 55.0 24.0660366811 0.171457053011
6 55.0 20.8677214818 -29.252790447
1 55.2 27.7573432913 -4.32222288438
2 55.2 -21.3560273607 22.5055575325
3 55.2 32.7573059711 7.94673195507
4 55.2 0.534536694353 -16.0536565453
5 55.2 23.5472780157 1.1697127553
6 55.2 21.5270094566 -28.2337973702
1 55.4 26.7115047087 -3.84621902919
2 55.4 -22.2533919479 21.6664362345
3 55.4 33.7238673365 7.30917462547
4 55.4 -0.684380353374 -15.8999393183
5 55.4 24.5884977242 1.58234033398
6 55.4 20.8216355827 -29.2109266804
1 55.6 26.3393224932 -4.92677575951
2 55.6 -21.2238676935 21.0136292898
3 55.6 32.6145589943 7.61733537749
4 55.6 0.0315081530369 -14.9132373654
5 55.6 24.7571819412 2.68450667122
6 55.6 21.3682571562 -28.1464965909
1 55.8 27.4103036473 -4.54603514949
2 55.8 -20.3378407891 21.8369786509
3 55.8 31.5314722935 7.98793709918
4 55.8 0.871042354036 -14.0425306575
5 55.8 23.7960222704 2.12928411466
6 55.8 20.3201379664 -28.7058456732
1 56.0 27.6681499636 -3.44539984435
2 56.0 -19.4406453809 21.0400844298
3 56.0 30.9362316028 7.0178381797
4 56.0 -0.112854987719 -13.355547382
5 56.0 24.7967022434 2.59796800776
6 56.0 19.220664466 -28.2788233921
1 56.2 28.0388381885 -4.50675225911
2 56.2 -19.1397556454 22.1919086036
3 56.2 29.9874527251 6.40116196371
4 56.2 -1.16529753767 -12.7991318545
5 56.2 24.7663942043 1.49838562214
6 56.2 18.8044857793 -27.1843389543
1 56.4 27.3830118167 -5.41220438188
2 56.4 -19.1752035667 23.3723288554
3 56.4 30.3996541365 7.44792602333
4 56.4 -1.42918828494 -11.6480409808
5 56.4 25.5615985896 2.25116380038
6 56.4 17.6519780122 -27.0330653259
1 56.6 27.3349300362 -4.30144331638
2 56.6 -18.1639218845 22.7810977185
3 56.6 29.9459701809 8.47019630044
4 56.6 -2.535266305 -11.2622478867
5 56.6 26.0728175711 1.28848256918
6 56.6 18.7995139195 -27.1535737825
1 56.8 27.8772780405 -3.3380181622
2 56.8 -17.5719265024 23.7808797664
3 56.8 28.8388324153 8.36802568328
4 56.8 -3.6426114153 -10.9103821702
5 56.8 25.0614010775 0.895720966754
6 56.8 17.7300425513 -26.7437675786
1 57.0 28.8599772826 -3.83090367197
2 57.0 -18.4238290484 23.0048360101
3 57.0 29.1404595394 9.43133548114
4 57.0 -2.96856406081 -9.97569397439
5 57.0 26.0584800389 1.31073126127
6 57.0 16.6807301957 -27.1809734807
1 57.2 27.8824190649 -4.32018432292
2 57.2 -17.9711550427 21.9554510981
3 57.2 28.6304776387 10.4044878101
4 57.2 -2.73773612513 -8.85639021174
5 57.2 25.5815976088 2.27416685737
6 57.2 17.7375564054 -27.5758977441
1 57.4 27.3932766936 -3.34950712592
2 57.4 -18.8846909661 22.6261943881
3 57.4 29.02600171 9.38652188984
4 57.4 -3.85839167633 -8.68734708113
5 57.4 26.6479094975 2.36293034087
6 57.4 18.5585144258 -26.8145422203
1 57.6 26.9906648772 -4.35245987589
2 57.6 -19.5739296494 21.7385582672
3 57.6 29.3165490417 10.4324423602
4 57.6 -3.86384826176 -9.81114335781
5 57.6 25.9262165951 3.14611892266
6 57.6 17.4491037124 -26.8759895166
1 57.8 25.9199762667 -4.44328698399
2 57.8 -20.4639495906 22.4090037589
3 57.8 28.8776855903 11.4181026946
4 57.8 -3.18795289816 -10.697031675
5 57.8 25.1884459768 2.38500492675
6 57.8 16.4233638056 -27.2803473331
1 58.0 26.8290885155 -5.00438315362
2 58.0 -21.4463539852 22.9143555887
3 58.0 29.169044054 12.4501318977
4 58.0 -4.28254985203 -10.8465521579
5 58.0 25.1557376454 1.33051207943
6 58.0 16.342026443 -26.189358041
1 58.2 26.4154197471 -5.98262628722
2 58.2 -20.5089240084 23.4807225403
3 58.2 30.1693146605 12.0822108247
4 58.2 -4.98241437898 -11.6890105422
5 58.2 24.2984761934 0.72420951228
6 58.2 17.4271634915 -26.1624713827
1 58.4 26.5288607442 -7.03241543836
2 58.4 -21.1080534867 22.5752837636
3 58.4 30.272727162 13.1363610955
4 58.4 -5.78700122117 -10.9600280159
5 58.4 25.3263512395 0.912618348944
6 58.4 18.438440987 -25.7922266786
1 58.6 27.470434631 -7.49640524239
2 58.6 -21.1342767707 21.4994128232
3 58.6 31.3140794257 12.9826773166
4 58.6 -6.77229148486 -11.3929125702
5 58.6 25.4723960489 -0.117076224047
6 58.6 18.7804241133 -24.7800631717
1 58.8 26.4282193282 -7.54772914936
2 58.8 -22.1888220624 21.6597624588
3 58.8 31.775289846 13.9215655188
4 58.8 -5.85989651578 -10.8403610358
5 58.8 24.4384955703 -0.164771092522
6 58.8 19.8396472496 -24.7442304538
1 59.0 27.4336521588 -7.2927236201
2 59.0 -21.8649870372 20.6534414877
3 59.0 30.745244466 14.061251077
4 59.0 -6.06479282391 -11.8774572335
5 59.0 25.1103497831 -0.945483534275
6 59.0 19.4307924639 -25.7127508281
1 59.2 26.9297794671 -6.39317452153
2 59.2 -22.4233121345 19.7669998626
3 59.2 30.8405629397 15.0897382796
4 59.2 -7.11226249271 -11.8951479625
5 59.2 24.1134369091 -0.707177593033
6 59.2 20.1257430648 -26.490143928
1 59.4 27.9248562672 -6.14796264784
2 59.4 -21.8160783842 20.6089671397
3 59.4 29.8184111817 14.9973809122
4 59.4 -6.09737982527 -11.6768479517
5 59.4 23.1756840227 -1.10844997431
6 59.4 20.1475763884 -27.5241014687
1 59.6 27.4725794223 -7.06068382386
2 59.6 -21.4082078909 21.5532133176
3 59.6 30.838136904 14.9926187348
4 59.6 -6.21441525358 -10.6549566208
5 59.6 23.5742010622 -0.17495698064
6 59.6 20.206360528 -28.5480565158
1 59.8 26.4885363572 -6.82265382265
2 59.8 -22.3284763022 21.9908936817
3 59.8 31.7553383937 15.4230026878
4 59.8 -5.19604065666 -10.617926495
5 59.8 23.3528964075 -1.16041334691
6 59.8 21.0904554498 -28.0452082198
1 60.0 25.9455122027 -5.9755495158
2 60.0 -22.3033611023 20.9816823319
3 60.0 32.7547451178 15.5429500806
4 60.0 -4.29764556159 -11.0783877585
5 60.0 23.5442461068 -0.173797772034
6 60.0 21.4844558366 -27.1168059559
